<?xml version="1.0" standalone="no"?>
<!DOCTYPE svg PUBLIC "-//W3C//DTD SVG 20010904//EN"
 "http://www.w3.org/TR/2001/REC-SVG-20010904/DTD/svg10.dtd">
<svg version="1.0" xmlns="http://www.w3.org/2000/svg"
 width="300.000000pt" height="235.000000pt" viewBox="0 0 300.000000 235.000000"
 preserveAspectRatio="xMidYMid meet">
<metadata>
Created by potrace 1.16, written by Peter Selinger 2001-2019
</metadata>
<g transform="translate(0.000000,235.000000) scale(0.100000,-0.100000)"
fill="#000000" stroke="none">
<path d="M2233 2110 c-12 -5 -26 -17 -32 -28 -9 -17 -6 -19 22 -18 18 1 37 4
42 8 6 3 11 -6 12 -23 5 -65 6 -67 25 -56 32 21 33 -4 0 -29 -18 -14 -32 -32
-32 -40 0 -22 -30 -17 -68 12 -32 25 -34 29 -28 70 l6 44 -114 0 -115 0 -3
-92 c-2 -64 1 -98 9 -109 7 -8 13 -24 13 -35 0 -11 5 -25 12 -32 16 -16 -9
-47 -27 -32 -13 11 -15 -2 -29 -222 l-4 -68 78 0 c75 0 78 1 84 26 6 21 11 25
29 20 13 -3 47 -8 77 -12 53 -6 56 -5 93 30 21 20 43 36 48 36 21 0 21 -32 0
-54 -39 -41 -29 -46 89 -46 107 0 110 1 110 23 0 12 7 137 15 277 8 140 15
263 15 273 0 15 -12 17 -105 17 -66 0 -105 4 -105 10 0 6 -11 22 -25 35 -25
26 -54 30 -92 15z"/>
<path d="M1518 1863 c-9 -10 -21 -41 -28 -70 -6 -28 -18 -60 -25 -70 -21 -26
-19 -30 20 -43 63 -21 83 4 44 54 -22 27 -18 49 6 39 9 -3 21 0 29 6 7 6 16 8
19 5 3 -4 12 5 18 20 9 19 15 23 21 14 6 -10 10 -10 17 2 14 21 20 -2 18 -65
-2 -46 -5 -51 -35 -67 -36 -18 -28 -32 13 -22 36 9 48 37 40 97 -8 60 -27 102
-50 111 -33 12 -92 6 -107 -11z"/>
<path d="M570 1765 l0 -45 344 0 344 0 4 45 3 45 -347 0 -348 0 0 -45z"/>
<path d="M1455 1638 c-16 -6 -40 -23 -53 -39 l-23 -29 30 -36 c26 -33 29 -42
24 -85 -6 -47 -6 -47 35 -68 23 -12 54 -21 70 -21 16 0 36 -7 43 -16 11 -14
10 -18 -6 -30 -24 -18 -19 -18 -90 10 -32 14 -62 23 -66 20 -18 -11 -31 -135
-20 -201 17 -111 24 -323 12 -376 -19 -83 -55 -359 -55 -427 l-1 -65 31 -3
c28 -3 32 1 42 35 6 21 15 65 21 98 5 33 28 142 50 242 23 101 41 204 42 230
1 45 1 46 10 18 6 -17 9 -130 8 -255 -3 -254 -2 -311 6 -358 5 -29 10 -33 33
-30 23 3 29 10 39 48 6 25 12 76 12 114 1 38 8 149 17 245 15 152 15 197 4
331 -20 256 -21 291 -6 355 8 33 18 74 21 91 4 19 16 36 31 44 21 12 24 19 19
44 -14 68 -26 94 -48 100 -34 9 -36 8 -45 -26 -7 -30 -12 -33 -49 -36 -40 -3
-43 -1 -68 42 -15 26 -30 46 -33 45 -4 -1 -20 -6 -37 -11z"/>
<path d="M827 1559 c-10 -6 -29 -28 -42 -50 l-25 -39 -104 0 -103 0 -7 -115
c-3 -63 -9 -167 -12 -230 l-7 -115 346 0 c321 0 346 1 351 18 2 9 7 89 10 177
4 88 9 184 12 213 l6 52 -134 0 -135 0 -13 28 c-7 15 -13 31 -11 35 1 5 -3 6
-9 2 -5 -3 -10 -2 -10 3 0 12 -46 32 -73 32 -12 0 -30 -5 -40 -11z m121 -64
c7 -14 12 -42 12 -61 0 -27 -5 -37 -25 -46 -14 -6 -25 -15 -25 -19 0 -16 31
-37 65 -43 34 -7 39 -13 71 -82 18 -41 36 -74 40 -74 15 0 60 47 56 59 -4 13
35 61 49 61 5 0 13 -9 19 -21 10 -17 7 -28 -17 -62 -66 -96 -123 -123 -157
-76 -15 22 -15 22 -21 -7 -4 -16 -10 -42 -14 -59 l-7 -30 -85 -3 c-108 -4
-146 3 -160 31 -14 25 -14 200 0 225 5 9 31 23 58 32 45 14 48 17 51 53 2 21
-2 45 -8 52 -9 11 -7 18 9 34 12 12 21 27 21 35 0 8 10 17 23 19 12 2 25 5 28
6 3 0 11 -10 17 -24z"/>
</g>
</svg>
