<?xml version="1.0" standalone="no"?>
<!DOCTYPE svg PUBLIC "-//W3C//DTD SVG 20010904//EN"
 "http://www.w3.org/TR/2001/REC-SVG-20010904/DTD/svg10.dtd">
<svg version="1.0" xmlns="http://www.w3.org/2000/svg"
 width="308.000000pt" height="304.000000pt" viewBox="0 0 308.000000 304.000000"
 preserveAspectRatio="xMidYMid meet">
<metadata>
Created by potrace 1.16, written by Peter Selinger 2001-2019
</metadata>
<g transform="translate(0.000000,304.000000) scale(0.100000,-0.100000)"
fill="#000000" stroke="none">
<path d="M662 2516 c-45 -15 -81 -45 -109 -94 l-28 -47 -3 -490 c-2 -445 -1
-494 14 -530 27 -62 61 -103 107 -128 40 -21 54 -22 318 -25 l276 -3 -48 -237
c-27 -130 -53 -247 -59 -260 -5 -13 -10 -32 -10 -42 0 -11 -4 -20 -8 -20 -4 0
-8 -9 -9 -20 -1 -14 7 -22 32 -29 56 -15 72 -6 80 47 11 77 12 82 73 299 33
114 62 220 66 236 3 15 13 27 21 27 13 0 15 -30 17 -187 4 -265 3 -311 -2
-368 l-5 -50 50 0 50 0 -1 60 c-1 33 7 159 17 280 10 121 19 230 19 243 0 21
3 22 99 22 l99 0 39 -43 c48 -55 177 -167 192 -167 6 0 11 -4 11 -8 0 -5 18
-20 40 -35 l40 -26 0 140 0 139 59 0 c57 0 60 -1 65 -28 23 -117 43 -278 57
-452 5 -69 10 -136 12 -150 1 -19 -5 -28 -32 -41 -43 -20 -31 -28 44 -26 l61
2 -2 145 c-1 80 -5 236 -9 348 -6 177 -5 202 8 202 19 0 54 -98 102 -285 45
-176 97 -345 107 -345 4 0 10 -15 13 -33 7 -34 7 -34 66 -34 44 -1 59 3 59 13
0 8 -6 14 -12 14 -28 1 -61 38 -64 71 -6 54 -95 443 -104 454 -9 10 -30 123
-30 158 0 10 11 22 24 27 27 10 69 62 82 100 12 35 5 986 -7 1033 -6 21 -26
56 -45 77 -66 73 -22 70 -962 72 -474 2 -854 -1 -870 -6z m1734 -92 c70 -33
69 -23 69 -564 0 -377 -3 -490 -13 -508 -7 -12 -16 -22 -20 -22 -4 0 -16 39
-25 87 -10 47 -27 104 -37 125 -13 28 -15 38 -5 38 14 0 54 58 74 107 15 38
10 50 -66 146 -47 59 -58 67 -87 67 -29 0 -40 -8 -72 -50 -41 -54 -64 -54 -64
2 0 28 -2 30 -27 23 -51 -12 -60 -29 -67 -125 -4 -50 -11 -90 -15 -90 -15 0
-70 67 -86 105 -17 39 -17 39 -28 17 -7 -15 -7 -28 -1 -37 116 -159 149 -177
161 -86 3 22 9 41 13 41 11 0 28 -98 35 -200 3 -52 8 -121 11 -152 l6 -58 -61
0 c-72 0 -144 -30 -135 -55 4 -8 1 -15 -4 -15 -6 0 -12 -20 -14 -45 l-3 -45
-80 68 c-44 38 -95 74 -114 80 -19 7 -74 12 -124 12 l-89 0 6 53 c5 46 12 122
32 393 5 56 3 87 -6 104 -11 21 -10 26 14 45 14 11 26 30 26 41 0 36 -44 88
-99 117 -48 26 -60 28 -113 22 -40 -5 -58 -11 -58 -21 0 -8 -8 -14 -18 -14
-18 0 -42 -34 -61 -83 -9 -23 -7 -30 17 -52 15 -14 35 -24 45 -21 20 5 21 -13
6 -124 -5 -41 -12 -97 -14 -125 -2 -27 -14 -94 -25 -149 -11 -54 -20 -112 -20
-130 0 -59 8 -57 -298 -54 l-282 3 -25 26 c-28 27 -49 96 -36 114 4 5 9 214 9
464 1 389 4 457 17 477 18 28 48 45 95 55 19 4 392 7 828 8 716 1 797 -1 828
-15z"/>
<path d="M1358 2278 c-9 -7 -19 -30 -22 -50 -5 -29 -1 -43 18 -65 13 -15 25
-37 27 -48 4 -16 12 -20 49 -20 42 0 45 2 48 29 2 16 -1 33 -7 39 -18 18 -13
29 9 22 11 -3 20 -2 20 3 0 6 -5 12 -11 14 -7 2 -7 12 1 32 6 16 9 34 7 41 -7
16 -119 18 -139 3z"/>
<path d="M733 2222 c-4 -18 -1 -29 11 -38 15 -10 15 -15 4 -33 -11 -18 -10
-26 5 -54 10 -18 15 -40 12 -49 -4 -11 1 -20 14 -27 34 -19 45 -13 27 14 -21
32 -20 45 3 45 11 0 23 9 26 21 5 16 12 19 32 14 15 -3 22 -2 19 4 -4 6 11 11
35 13 45 3 63 23 32 35 -10 3 -29 15 -42 25 -13 10 -34 18 -47 18 -13 0 -24 7
-26 17 -2 14 -14 18 -51 19 -43 1 -48 -1 -54 -24z"/>
<path d="M2165 2156 c-52 -23 -69 -51 -73 -120 -3 -45 0 -72 12 -95 17 -32 21
-33 74 -14 6 3 12 -2 12 -11 0 -9 -7 -19 -15 -22 -15 -6 -21 -45 -9 -57 10 -9
79 66 76 83 -2 12 -1 12 6 2 5 -8 20 -12 33 -10 23 3 24 6 27 110 2 104 2 108
-22 123 -34 23 -86 27 -121 11z"/>
<path d="M684 1926 l-36 -36 32 -37 c31 -35 32 -39 27 -97 -3 -34 -9 -71 -13
-83 -5 -17 -2 -23 9 -23 8 0 18 6 20 13 4 7 6 6 6 -4 1 -21 51 -32 70 -16 11
9 13 9 8 0 -5 -7 4 -14 25 -18 21 -5 33 -4 36 4 3 8 8 7 16 -4 10 -14 14 -8
25 37 21 89 42 148 52 148 11 0 12 70 1 87 -4 6 -20 17 -36 22 -24 10 -30 8
-45 -10 l-17 -22 -37 32 c-20 18 -52 35 -71 38 -31 5 -40 1 -72 -31z"/>
</g>
</svg>
